# NAFEMS Challenge 5; SI: m, kg, s, N, Pa; frame element 113
# axial; elements per member: 4; no rotary rho*I mass term
analysis
modal
nodes
5
0,0,0
0.25,0,0
0.5,0,0
0.75,0,0
1,0,0
elems_113
4
113,1,2,0.00031415926535897931,210000000000,7800,7.8539816339744827e-09
113,2,3,0.00031415926535897931,210000000000,7800,7.8539816339744827e-09
113,3,4,0.00031415926535897931,210000000000,7800,7.8539816339744827e-09
113,4,5,0.00031415926535897931,210000000000,7800,7.8539816339744827e-09
bcfix
5
1,1,0,0,0
2,2,0,0,0
2,3,0,0,0
2,4,0,0,0
2,5,0,0,0
