# NAFEMS Challenge 5; SI: m, kg, s, N, Pa; frame element 113
# frame; elements per member: 100; no rotary rho*I mass term
analysis
modal
nodes
201
0,0,0
0,1,0
1,1,0
0.01,1,0
0.02,1,0
0.029999999999999999,1,0
0.040000000000000001,1,0
0.050000000000000003,1,0
0.059999999999999998,1,0
0.070000000000000007,1,0
0.080000000000000002,1,0
0.089999999999999997,1,0
0.10000000000000001,1,0
0.11,1,0
0.12,1,0
0.13,1,0
0.14000000000000001,1,0
0.14999999999999999,1,0
0.16,1,0
0.17000000000000001,1,0
0.17999999999999999,1,0
0.19,1,0
0.20000000000000001,1,0
0.20999999999999999,1,0
0.22,1,0
0.23000000000000001,1,0
0.23999999999999999,1,0
0.25,1,0
0.26000000000000001,1,0
0.27000000000000002,1,0
0.28000000000000003,1,0
0.28999999999999998,1,0
0.29999999999999999,1,0
0.31,1,0
0.32000000000000001,1,0
0.33000000000000002,1,0
0.34000000000000002,1,0
0.34999999999999998,1,0
0.35999999999999999,1,0
0.37,1,0
0.38,1,0
0.39000000000000001,1,0
0.40000000000000002,1,0
0.40999999999999998,1,0
0.41999999999999998,1,0
0.42999999999999999,1,0
0.44,1,0
0.45000000000000001,1,0
0.46000000000000002,1,0
0.46999999999999997,1,0
0.47999999999999998,1,0
0.48999999999999999,1,0
0.5,1,0
0.51000000000000001,1,0
0.52000000000000002,1,0
0.53000000000000003,1,0
0.54000000000000004,1,0
0.55000000000000004,1,0
0.56000000000000005,1,0
0.56999999999999995,1,0
0.57999999999999996,1,0
0.58999999999999997,1,0
0.59999999999999998,1,0
0.60999999999999999,1,0
0.62,1,0
0.63,1,0
0.64000000000000001,1,0
0.65000000000000002,1,0
0.66000000000000003,1,0
0.67000000000000004,1,0
0.68000000000000005,1,0
0.68999999999999995,1,0
0.69999999999999996,1,0
0.70999999999999996,1,0
0.71999999999999997,1,0
0.72999999999999998,1,0
0.73999999999999999,1,0
0.75,1,0
0.76000000000000001,1,0
0.77000000000000002,1,0
0.78000000000000003,1,0
0.79000000000000004,1,0
0.80000000000000004,1,0
0.81000000000000005,1,0
0.81999999999999995,1,0
0.82999999999999996,1,0
0.83999999999999997,1,0
0.84999999999999998,1,0
0.85999999999999999,1,0
0.87,1,0
0.88,1,0
0.89000000000000001,1,0
0.90000000000000002,1,0
0.91000000000000003,1,0
0.92000000000000004,1,0
0.93000000000000005,1,0
0.93999999999999995,1,0
0.94999999999999996,1,0
0.95999999999999996,1,0
0.96999999999999997,1,0
0.97999999999999998,1,0
0.98999999999999999,1,0
0.01,0.01,0
0.02,0.02,0
0.029999999999999999,0.029999999999999999,0
0.040000000000000001,0.040000000000000001,0
0.050000000000000003,0.050000000000000003,0
0.059999999999999998,0.059999999999999998,0
0.070000000000000007,0.070000000000000007,0
0.080000000000000002,0.080000000000000002,0
0.089999999999999997,0.089999999999999997,0
0.10000000000000001,0.10000000000000001,0
0.11,0.11,0
0.12,0.12,0
0.13,0.13,0
0.14000000000000001,0.14000000000000001,0
0.14999999999999999,0.14999999999999999,0
0.16,0.16,0
0.17000000000000001,0.17000000000000001,0
0.17999999999999999,0.17999999999999999,0
0.19,0.19,0
0.20000000000000001,0.20000000000000001,0
0.20999999999999999,0.20999999999999999,0
0.22,0.22,0
0.23000000000000001,0.23000000000000001,0
0.23999999999999999,0.23999999999999999,0
0.25,0.25,0
0.26000000000000001,0.26000000000000001,0
0.27000000000000002,0.27000000000000002,0
0.28000000000000003,0.28000000000000003,0
0.28999999999999998,0.28999999999999998,0
0.29999999999999999,0.29999999999999999,0
0.31,0.31,0
0.32000000000000001,0.32000000000000001,0
0.33000000000000002,0.33000000000000002,0
0.34000000000000002,0.34000000000000002,0
0.34999999999999998,0.34999999999999998,0
0.35999999999999999,0.35999999999999999,0
0.37,0.37,0
0.38,0.38,0
0.39000000000000001,0.39000000000000001,0
0.40000000000000002,0.40000000000000002,0
0.40999999999999998,0.40999999999999998,0
0.41999999999999998,0.41999999999999998,0
0.42999999999999999,0.42999999999999999,0
0.44,0.44,0
0.45000000000000001,0.45000000000000001,0
0.46000000000000002,0.46000000000000002,0
0.46999999999999997,0.46999999999999997,0
0.47999999999999998,0.47999999999999998,0
0.48999999999999999,0.48999999999999999,0
0.5,0.5,0
0.51000000000000001,0.51000000000000001,0
0.52000000000000002,0.52000000000000002,0
0.53000000000000003,0.53000000000000003,0
0.54000000000000004,0.54000000000000004,0
0.55000000000000004,0.55000000000000004,0
0.56000000000000005,0.56000000000000005,0
0.56999999999999995,0.56999999999999995,0
0.57999999999999996,0.57999999999999996,0
0.58999999999999997,0.58999999999999997,0
0.59999999999999998,0.59999999999999998,0
0.60999999999999999,0.60999999999999999,0
0.62,0.62,0
0.63,0.63,0
0.64000000000000001,0.64000000000000001,0
0.65000000000000002,0.65000000000000002,0
0.66000000000000003,0.66000000000000003,0
0.67000000000000004,0.67000000000000004,0
0.68000000000000005,0.68000000000000005,0
0.68999999999999995,0.68999999999999995,0
0.69999999999999996,0.69999999999999996,0
0.70999999999999996,0.70999999999999996,0
0.71999999999999997,0.71999999999999997,0
0.72999999999999998,0.72999999999999998,0
0.73999999999999999,0.73999999999999999,0
0.75,0.75,0
0.76000000000000001,0.76000000000000001,0
0.77000000000000002,0.77000000000000002,0
0.78000000000000003,0.78000000000000003,0
0.79000000000000004,0.79000000000000004,0
0.80000000000000004,0.80000000000000004,0
0.81000000000000005,0.81000000000000005,0
0.81999999999999995,0.81999999999999995,0
0.82999999999999996,0.82999999999999996,0
0.83999999999999997,0.83999999999999997,0
0.84999999999999998,0.84999999999999998,0
0.85999999999999999,0.85999999999999999,0
0.87,0.87,0
0.88,0.88,0
0.89000000000000001,0.89000000000000001,0
0.90000000000000002,0.90000000000000002,0
0.91000000000000003,0.91000000000000003,0
0.92000000000000004,0.92000000000000004,0
0.93000000000000005,0.93000000000000005,0
0.93999999999999995,0.93999999999999995,0
0.94999999999999996,0.94999999999999996,0
0.95999999999999996,0.95999999999999996,0
0.96999999999999997,0.96999999999999997,0
0.97999999999999998,0.97999999999999998,0
0.98999999999999999,0.98999999999999999,0
elems_113
200
113,2,4,0.00031415926535897931,210000000000,7800,7.8539816339744827e-09
113,4,5,0.00031415926535897931,210000000000,7800,7.8539816339744827e-09
113,5,6,0.00031415926535897931,210000000000,7800,7.8539816339744827e-09
113,6,7,0.00031415926535897931,210000000000,7800,7.8539816339744827e-09
113,7,8,0.00031415926535897931,210000000000,7800,7.8539816339744827e-09
113,8,9,0.00031415926535897931,210000000000,7800,7.8539816339744827e-09
113,9,10,0.00031415926535897931,210000000000,7800,7.8539816339744827e-09
113,10,11,0.00031415926535897931,210000000000,7800,7.8539816339744827e-09
113,11,12,0.00031415926535897931,210000000000,7800,7.8539816339744827e-09
113,12,13,0.00031415926535897931,210000000000,7800,7.8539816339744827e-09
113,13,14,0.00031415926535897931,210000000000,7800,7.8539816339744827e-09
113,14,15,0.00031415926535897931,210000000000,7800,7.8539816339744827e-09
113,15,16,0.00031415926535897931,210000000000,7800,7.8539816339744827e-09
113,16,17,0.00031415926535897931,210000000000,7800,7.8539816339744827e-09
113,17,18,0.00031415926535897931,210000000000,7800,7.8539816339744827e-09
113,18,19,0.00031415926535897931,210000000000,7800,7.8539816339744827e-09
113,19,20,0.00031415926535897931,210000000000,7800,7.8539816339744827e-09
113,20,21,0.00031415926535897931,210000000000,7800,7.8539816339744827e-09
113,21,22,0.00031415926535897931,210000000000,7800,7.8539816339744827e-09
113,22,23,0.00031415926535897931,210000000000,7800,7.8539816339744827e-09
113,23,24,0.00031415926535897931,210000000000,7800,7.8539816339744827e-09
113,24,25,0.00031415926535897931,210000000000,7800,7.8539816339744827e-09
113,25,26,0.00031415926535897931,210000000000,7800,7.8539816339744827e-09
113,26,27,0.00031415926535897931,210000000000,7800,7.8539816339744827e-09
113,27,28,0.00031415926535897931,210000000000,7800,7.8539816339744827e-09
113,28,29,0.00031415926535897931,210000000000,7800,7.8539816339744827e-09
113,29,30,0.00031415926535897931,210000000000,7800,7.8539816339744827e-09
113,30,31,0.00031415926535897931,210000000000,7800,7.8539816339744827e-09
113,31,32,0.00031415926535897931,210000000000,7800,7.8539816339744827e-09
113,32,33,0.00031415926535897931,210000000000,7800,7.8539816339744827e-09
113,33,34,0.00031415926535897931,210000000000,7800,7.8539816339744827e-09
113,34,35,0.00031415926535897931,210000000000,7800,7.8539816339744827e-09
113,35,36,0.00031415926535897931,210000000000,7800,7.8539816339744827e-09
113,36,37,0.00031415926535897931,210000000000,7800,7.8539816339744827e-09
113,37,38,0.00031415926535897931,210000000000,7800,7.8539816339744827e-09
113,38,39,0.00031415926535897931,210000000000,7800,7.8539816339744827e-09
113,39,40,0.00031415926535897931,210000000000,7800,7.8539816339744827e-09
113,40,41,0.00031415926535897931,210000000000,7800,7.8539816339744827e-09
113,41,42,0.00031415926535897931,210000000000,7800,7.8539816339744827e-09
113,42,43,0.00031415926535897931,210000000000,7800,7.8539816339744827e-09
113,43,44,0.00031415926535897931,210000000000,7800,7.8539816339744827e-09
113,44,45,0.00031415926535897931,210000000000,7800,7.8539816339744827e-09
113,45,46,0.00031415926535897931,210000000000,7800,7.8539816339744827e-09
113,46,47,0.00031415926535897931,210000000000,7800,7.8539816339744827e-09
113,47,48,0.00031415926535897931,210000000000,7800,7.8539816339744827e-09
113,48,49,0.00031415926535897931,210000000000,7800,7.8539816339744827e-09
113,49,50,0.00031415926535897931,210000000000,7800,7.8539816339744827e-09
113,50,51,0.00031415926535897931,210000000000,7800,7.8539816339744827e-09
113,51,52,0.00031415926535897931,210000000000,7800,7.8539816339744827e-09
113,52,53,0.00031415926535897931,210000000000,7800,7.8539816339744827e-09
113,53,54,0.00031415926535897931,210000000000,7800,7.8539816339744827e-09
113,54,55,0.00031415926535897931,210000000000,7800,7.8539816339744827e-09
113,55,56,0.00031415926535897931,210000000000,7800,7.8539816339744827e-09
113,56,57,0.00031415926535897931,210000000000,7800,7.8539816339744827e-09
113,57,58,0.00031415926535897931,210000000000,7800,7.8539816339744827e-09
113,58,59,0.00031415926535897931,210000000000,7800,7.8539816339744827e-09
113,59,60,0.00031415926535897931,210000000000,7800,7.8539816339744827e-09
113,60,61,0.00031415926535897931,210000000000,7800,7.8539816339744827e-09
113,61,62,0.00031415926535897931,210000000000,7800,7.8539816339744827e-09
113,62,63,0.00031415926535897931,210000000000,7800,7.8539816339744827e-09
113,63,64,0.00031415926535897931,210000000000,7800,7.8539816339744827e-09
113,64,65,0.00031415926535897931,210000000000,7800,7.8539816339744827e-09
113,65,66,0.00031415926535897931,210000000000,7800,7.8539816339744827e-09
113,66,67,0.00031415926535897931,210000000000,7800,7.8539816339744827e-09
113,67,68,0.00031415926535897931,210000000000,7800,7.8539816339744827e-09
113,68,69,0.00031415926535897931,210000000000,7800,7.8539816339744827e-09
113,69,70,0.00031415926535897931,210000000000,7800,7.8539816339744827e-09
113,70,71,0.00031415926535897931,210000000000,7800,7.8539816339744827e-09
113,71,72,0.00031415926535897931,210000000000,7800,7.8539816339744827e-09
113,72,73,0.00031415926535897931,210000000000,7800,7.8539816339744827e-09
113,73,74,0.00031415926535897931,210000000000,7800,7.8539816339744827e-09
113,74,75,0.00031415926535897931,210000000000,7800,7.8539816339744827e-09
113,75,76,0.00031415926535897931,210000000000,7800,7.8539816339744827e-09
113,76,77,0.00031415926535897931,210000000000,7800,7.8539816339744827e-09
113,77,78,0.00031415926535897931,210000000000,7800,7.8539816339744827e-09
113,78,79,0.00031415926535897931,210000000000,7800,7.8539816339744827e-09
113,79,80,0.00031415926535897931,210000000000,7800,7.8539816339744827e-09
113,80,81,0.00031415926535897931,210000000000,7800,7.8539816339744827e-09
113,81,82,0.00031415926535897931,210000000000,7800,7.8539816339744827e-09
113,82,83,0.00031415926535897931,210000000000,7800,7.8539816339744827e-09
113,83,84,0.00031415926535897931,210000000000,7800,7.8539816339744827e-09
113,84,85,0.00031415926535897931,210000000000,7800,7.8539816339744827e-09
113,85,86,0.00031415926535897931,210000000000,7800,7.8539816339744827e-09
113,86,87,0.00031415926535897931,210000000000,7800,7.8539816339744827e-09
113,87,88,0.00031415926535897931,210000000000,7800,7.8539816339744827e-09
113,88,89,0.00031415926535897931,210000000000,7800,7.8539816339744827e-09
113,89,90,0.00031415926535897931,210000000000,7800,7.8539816339744827e-09
113,90,91,0.00031415926535897931,210000000000,7800,7.8539816339744827e-09
113,91,92,0.00031415926535897931,210000000000,7800,7.8539816339744827e-09
113,92,93,0.00031415926535897931,210000000000,7800,7.8539816339744827e-09
113,93,94,0.00031415926535897931,210000000000,7800,7.8539816339744827e-09
113,94,95,0.00031415926535897931,210000000000,7800,7.8539816339744827e-09
113,95,96,0.00031415926535897931,210000000000,7800,7.8539816339744827e-09
113,96,97,0.00031415926535897931,210000000000,7800,7.8539816339744827e-09
113,97,98,0.00031415926535897931,210000000000,7800,7.8539816339744827e-09
113,98,99,0.00031415926535897931,210000000000,7800,7.8539816339744827e-09
113,99,100,0.00031415926535897931,210000000000,7800,7.8539816339744827e-09
113,100,101,0.00031415926535897931,210000000000,7800,7.8539816339744827e-09
113,101,102,0.00031415926535897931,210000000000,7800,7.8539816339744827e-09
113,102,3,0.00031415926535897931,210000000000,7800,7.8539816339744827e-09
113,1,103,0.00031415926535897931,210000000000,7800,7.8539816339744827e-09
113,103,104,0.00031415926535897931,210000000000,7800,7.8539816339744827e-09
113,104,105,0.00031415926535897931,210000000000,7800,7.8539816339744827e-09
113,105,106,0.00031415926535897931,210000000000,7800,7.8539816339744827e-09
113,106,107,0.00031415926535897931,210000000000,7800,7.8539816339744827e-09
113,107,108,0.00031415926535897931,210000000000,7800,7.8539816339744827e-09
113,108,109,0.00031415926535897931,210000000000,7800,7.8539816339744827e-09
113,109,110,0.00031415926535897931,210000000000,7800,7.8539816339744827e-09
113,110,111,0.00031415926535897931,210000000000,7800,7.8539816339744827e-09
113,111,112,0.00031415926535897931,210000000000,7800,7.8539816339744827e-09
113,112,113,0.00031415926535897931,210000000000,7800,7.8539816339744827e-09
113,113,114,0.00031415926535897931,210000000000,7800,7.8539816339744827e-09
113,114,115,0.00031415926535897931,210000000000,7800,7.8539816339744827e-09
113,115,116,0.00031415926535897931,210000000000,7800,7.8539816339744827e-09
113,116,117,0.00031415926535897931,210000000000,7800,7.8539816339744827e-09
113,117,118,0.00031415926535897931,210000000000,7800,7.8539816339744827e-09
113,118,119,0.00031415926535897931,210000000000,7800,7.8539816339744827e-09
113,119,120,0.00031415926535897931,210000000000,7800,7.8539816339744827e-09
113,120,121,0.00031415926535897931,210000000000,7800,7.8539816339744827e-09
113,121,122,0.00031415926535897931,210000000000,7800,7.8539816339744827e-09
113,122,123,0.00031415926535897931,210000000000,7800,7.8539816339744827e-09
113,123,124,0.00031415926535897931,210000000000,7800,7.8539816339744827e-09
113,124,125,0.00031415926535897931,210000000000,7800,7.8539816339744827e-09
113,125,126,0.00031415926535897931,210000000000,7800,7.8539816339744827e-09
113,126,127,0.00031415926535897931,210000000000,7800,7.8539816339744827e-09
113,127,128,0.00031415926535897931,210000000000,7800,7.8539816339744827e-09
113,128,129,0.00031415926535897931,210000000000,7800,7.8539816339744827e-09
113,129,130,0.00031415926535897931,210000000000,7800,7.8539816339744827e-09
113,130,131,0.00031415926535897931,210000000000,7800,7.8539816339744827e-09
113,131,132,0.00031415926535897931,210000000000,7800,7.8539816339744827e-09
113,132,133,0.00031415926535897931,210000000000,7800,7.8539816339744827e-09
113,133,134,0.00031415926535897931,210000000000,7800,7.8539816339744827e-09
113,134,135,0.00031415926535897931,210000000000,7800,7.8539816339744827e-09
113,135,136,0.00031415926535897931,210000000000,7800,7.8539816339744827e-09
113,136,137,0.00031415926535897931,210000000000,7800,7.8539816339744827e-09
113,137,138,0.00031415926535897931,210000000000,7800,7.8539816339744827e-09
113,138,139,0.00031415926535897931,210000000000,7800,7.8539816339744827e-09
113,139,140,0.00031415926535897931,210000000000,7800,7.8539816339744827e-09
113,140,141,0.00031415926535897931,210000000000,7800,7.8539816339744827e-09
113,141,142,0.00031415926535897931,210000000000,7800,7.8539816339744827e-09
113,142,143,0.00031415926535897931,210000000000,7800,7.8539816339744827e-09
113,143,144,0.00031415926535897931,210000000000,7800,7.8539816339744827e-09
113,144,145,0.00031415926535897931,210000000000,7800,7.8539816339744827e-09
113,145,146,0.00031415926535897931,210000000000,7800,7.8539816339744827e-09
113,146,147,0.00031415926535897931,210000000000,7800,7.8539816339744827e-09
113,147,148,0.00031415926535897931,210000000000,7800,7.8539816339744827e-09
113,148,149,0.00031415926535897931,210000000000,7800,7.8539816339744827e-09
113,149,150,0.00031415926535897931,210000000000,7800,7.8539816339744827e-09
113,150,151,0.00031415926535897931,210000000000,7800,7.8539816339744827e-09
113,151,152,0.00031415926535897931,210000000000,7800,7.8539816339744827e-09
113,152,153,0.00031415926535897931,210000000000,7800,7.8539816339744827e-09
113,153,154,0.00031415926535897931,210000000000,7800,7.8539816339744827e-09
113,154,155,0.00031415926535897931,210000000000,7800,7.8539816339744827e-09
113,155,156,0.00031415926535897931,210000000000,7800,7.8539816339744827e-09
113,156,157,0.00031415926535897931,210000000000,7800,7.8539816339744827e-09
113,157,158,0.00031415926535897931,210000000000,7800,7.8539816339744827e-09
113,158,159,0.00031415926535897931,210000000000,7800,7.8539816339744827e-09
113,159,160,0.00031415926535897931,210000000000,7800,7.8539816339744827e-09
113,160,161,0.00031415926535897931,210000000000,7800,7.8539816339744827e-09
113,161,162,0.00031415926535897931,210000000000,7800,7.8539816339744827e-09
113,162,163,0.00031415926535897931,210000000000,7800,7.8539816339744827e-09
113,163,164,0.00031415926535897931,210000000000,7800,7.8539816339744827e-09
113,164,165,0.00031415926535897931,210000000000,7800,7.8539816339744827e-09
113,165,166,0.00031415926535897931,210000000000,7800,7.8539816339744827e-09
113,166,167,0.00031415926535897931,210000000000,7800,7.8539816339744827e-09
113,167,168,0.00031415926535897931,210000000000,7800,7.8539816339744827e-09
113,168,169,0.00031415926535897931,210000000000,7800,7.8539816339744827e-09
113,169,170,0.00031415926535897931,210000000000,7800,7.8539816339744827e-09
113,170,171,0.00031415926535897931,210000000000,7800,7.8539816339744827e-09
113,171,172,0.00031415926535897931,210000000000,7800,7.8539816339744827e-09
113,172,173,0.00031415926535897931,210000000000,7800,7.8539816339744827e-09
113,173,174,0.00031415926535897931,210000000000,7800,7.8539816339744827e-09
113,174,175,0.00031415926535897931,210000000000,7800,7.8539816339744827e-09
113,175,176,0.00031415926535897931,210000000000,7800,7.8539816339744827e-09
113,176,177,0.00031415926535897931,210000000000,7800,7.8539816339744827e-09
113,177,178,0.00031415926535897931,210000000000,7800,7.8539816339744827e-09
113,178,179,0.00031415926535897931,210000000000,7800,7.8539816339744827e-09
113,179,180,0.00031415926535897931,210000000000,7800,7.8539816339744827e-09
113,180,181,0.00031415926535897931,210000000000,7800,7.8539816339744827e-09
113,181,182,0.00031415926535897931,210000000000,7800,7.8539816339744827e-09
113,182,183,0.00031415926535897931,210000000000,7800,7.8539816339744827e-09
113,183,184,0.00031415926535897931,210000000000,7800,7.8539816339744827e-09
113,184,185,0.00031415926535897931,210000000000,7800,7.8539816339744827e-09
113,185,186,0.00031415926535897931,210000000000,7800,7.8539816339744827e-09
113,186,187,0.00031415926535897931,210000000000,7800,7.8539816339744827e-09
113,187,188,0.00031415926535897931,210000000000,7800,7.8539816339744827e-09
113,188,189,0.00031415926535897931,210000000000,7800,7.8539816339744827e-09
113,189,190,0.00031415926535897931,210000000000,7800,7.8539816339744827e-09
113,190,191,0.00031415926535897931,210000000000,7800,7.8539816339744827e-09
113,191,192,0.00031415926535897931,210000000000,7800,7.8539816339744827e-09
113,192,193,0.00031415926535897931,210000000000,7800,7.8539816339744827e-09
113,193,194,0.00031415926535897931,210000000000,7800,7.8539816339744827e-09
113,194,195,0.00031415926535897931,210000000000,7800,7.8539816339744827e-09
113,195,196,0.00031415926535897931,210000000000,7800,7.8539816339744827e-09
113,196,197,0.00031415926535897931,210000000000,7800,7.8539816339744827e-09
113,197,198,0.00031415926535897931,210000000000,7800,7.8539816339744827e-09
113,198,199,0.00031415926535897931,210000000000,7800,7.8539816339744827e-09
113,199,200,0.00031415926535897931,210000000000,7800,7.8539816339744827e-09
113,200,201,0.00031415926535897931,210000000000,7800,7.8539816339744827e-09
113,201,3,0.00031415926535897931,210000000000,7800,7.8539816339744827e-09
releases
4
1,1,Mz
100,2,Mz
101,1,Mz
200,2,Mz
bcfix
2
4,1,0,0,0
4,2,0,0,0
