# NAFEMS Challenge 5; SI: m, kg, s, N, Pa; frame element 113
# frame; elements per member: 25; no rotary rho*I mass term
analysis
modal
nodes
51
0,0,0
0,1,0
1,1,0
0.040000000000000001,1,0
0.080000000000000002,1,0
0.12,1,0
0.16,1,0
0.20000000000000001,1,0
0.23999999999999999,1,0
0.28000000000000003,1,0
0.32000000000000001,1,0
0.35999999999999999,1,0
0.40000000000000002,1,0
0.44,1,0
0.47999999999999998,1,0
0.52000000000000002,1,0
0.56000000000000005,1,0
0.59999999999999998,1,0
0.64000000000000001,1,0
0.68000000000000005,1,0
0.71999999999999997,1,0
0.76000000000000001,1,0
0.80000000000000004,1,0
0.83999999999999997,1,0
0.88,1,0
0.92000000000000004,1,0
0.95999999999999996,1,0
0.040000000000000001,0.040000000000000001,0
0.080000000000000002,0.080000000000000002,0
0.12,0.12,0
0.16,0.16,0
0.20000000000000001,0.20000000000000001,0
0.23999999999999999,0.23999999999999999,0
0.28000000000000003,0.28000000000000003,0
0.32000000000000001,0.32000000000000001,0
0.35999999999999999,0.35999999999999999,0
0.40000000000000002,0.40000000000000002,0
0.44,0.44,0
0.47999999999999998,0.47999999999999998,0
0.52000000000000002,0.52000000000000002,0
0.56000000000000005,0.56000000000000005,0
0.59999999999999998,0.59999999999999998,0
0.64000000000000001,0.64000000000000001,0
0.68000000000000005,0.68000000000000005,0
0.71999999999999997,0.71999999999999997,0
0.76000000000000001,0.76000000000000001,0
0.80000000000000004,0.80000000000000004,0
0.83999999999999997,0.83999999999999997,0
0.88,0.88,0
0.92000000000000004,0.92000000000000004,0
0.95999999999999996,0.95999999999999996,0
elems_113
50
113,2,4,0.00031415926535897931,210000000000,7800,7.8539816339744827e-09
113,4,5,0.00031415926535897931,210000000000,7800,7.8539816339744827e-09
113,5,6,0.00031415926535897931,210000000000,7800,7.8539816339744827e-09
113,6,7,0.00031415926535897931,210000000000,7800,7.8539816339744827e-09
113,7,8,0.00031415926535897931,210000000000,7800,7.8539816339744827e-09
113,8,9,0.00031415926535897931,210000000000,7800,7.8539816339744827e-09
113,9,10,0.00031415926535897931,210000000000,7800,7.8539816339744827e-09
113,10,11,0.00031415926535897931,210000000000,7800,7.8539816339744827e-09
113,11,12,0.00031415926535897931,210000000000,7800,7.8539816339744827e-09
113,12,13,0.00031415926535897931,210000000000,7800,7.8539816339744827e-09
113,13,14,0.00031415926535897931,210000000000,7800,7.8539816339744827e-09
113,14,15,0.00031415926535897931,210000000000,7800,7.8539816339744827e-09
113,15,16,0.00031415926535897931,210000000000,7800,7.8539816339744827e-09
113,16,17,0.00031415926535897931,210000000000,7800,7.8539816339744827e-09
113,17,18,0.00031415926535897931,210000000000,7800,7.8539816339744827e-09
113,18,19,0.00031415926535897931,210000000000,7800,7.8539816339744827e-09
113,19,20,0.00031415926535897931,210000000000,7800,7.8539816339744827e-09
113,20,21,0.00031415926535897931,210000000000,7800,7.8539816339744827e-09
113,21,22,0.00031415926535897931,210000000000,7800,7.8539816339744827e-09
113,22,23,0.00031415926535897931,210000000000,7800,7.8539816339744827e-09
113,23,24,0.00031415926535897931,210000000000,7800,7.8539816339744827e-09
113,24,25,0.00031415926535897931,210000000000,7800,7.8539816339744827e-09
113,25,26,0.00031415926535897931,210000000000,7800,7.8539816339744827e-09
113,26,27,0.00031415926535897931,210000000000,7800,7.8539816339744827e-09
113,27,3,0.00031415926535897931,210000000000,7800,7.8539816339744827e-09
113,1,28,0.00031415926535897931,210000000000,7800,7.8539816339744827e-09
113,28,29,0.00031415926535897931,210000000000,7800,7.8539816339744827e-09
113,29,30,0.00031415926535897931,210000000000,7800,7.8539816339744827e-09
113,30,31,0.00031415926535897931,210000000000,7800,7.8539816339744827e-09
113,31,32,0.00031415926535897931,210000000000,7800,7.8539816339744827e-09
113,32,33,0.00031415926535897931,210000000000,7800,7.8539816339744827e-09
113,33,34,0.00031415926535897931,210000000000,7800,7.8539816339744827e-09
113,34,35,0.00031415926535897931,210000000000,7800,7.8539816339744827e-09
113,35,36,0.00031415926535897931,210000000000,7800,7.8539816339744827e-09
113,36,37,0.00031415926535897931,210000000000,7800,7.8539816339744827e-09
113,37,38,0.00031415926535897931,210000000000,7800,7.8539816339744827e-09
113,38,39,0.00031415926535897931,210000000000,7800,7.8539816339744827e-09
113,39,40,0.00031415926535897931,210000000000,7800,7.8539816339744827e-09
113,40,41,0.00031415926535897931,210000000000,7800,7.8539816339744827e-09
113,41,42,0.00031415926535897931,210000000000,7800,7.8539816339744827e-09
113,42,43,0.00031415926535897931,210000000000,7800,7.8539816339744827e-09
113,43,44,0.00031415926535897931,210000000000,7800,7.8539816339744827e-09
113,44,45,0.00031415926535897931,210000000000,7800,7.8539816339744827e-09
113,45,46,0.00031415926535897931,210000000000,7800,7.8539816339744827e-09
113,46,47,0.00031415926535897931,210000000000,7800,7.8539816339744827e-09
113,47,48,0.00031415926535897931,210000000000,7800,7.8539816339744827e-09
113,48,49,0.00031415926535897931,210000000000,7800,7.8539816339744827e-09
113,49,50,0.00031415926535897931,210000000000,7800,7.8539816339744827e-09
113,50,51,0.00031415926535897931,210000000000,7800,7.8539816339744827e-09
113,51,3,0.00031415926535897931,210000000000,7800,7.8539816339744827e-09
releases
4
1,1,Mz
25,2,Mz
26,1,Mz
50,2,Mz
bcfix
2
4,1,0,0,0
4,2,0,0,0
