# NAFEMS Challenge 5; SI: m, kg, s, N, Pa; frame element 113
# frame; elements per member: 200; no rotary rho*I mass term
analysis
modal
nodes
401
0,0,0
0,1,0
1,1,0
0.0050000000000000001,1,0
0.01,1,0
0.014999999999999999,1,0
0.02,1,0
0.025000000000000001,1,0
0.029999999999999999,1,0
0.035000000000000003,1,0
0.040000000000000001,1,0
0.044999999999999998,1,0
0.050000000000000003,1,0
0.055,1,0
0.059999999999999998,1,0
0.065000000000000002,1,0
0.070000000000000007,1,0
0.074999999999999997,1,0
0.080000000000000002,1,0
0.085000000000000006,1,0
0.089999999999999997,1,0
0.095000000000000001,1,0
0.10000000000000001,1,0
0.105,1,0
0.11,1,0
0.115,1,0
0.12,1,0
0.125,1,0
0.13,1,0
0.13500000000000001,1,0
0.14000000000000001,1,0
0.14499999999999999,1,0
0.14999999999999999,1,0
0.155,1,0
0.16,1,0
0.16500000000000001,1,0
0.17000000000000001,1,0
0.17499999999999999,1,0
0.17999999999999999,1,0
0.185,1,0
0.19,1,0
0.19500000000000001,1,0
0.20000000000000001,1,0
0.20499999999999999,1,0
0.20999999999999999,1,0
0.215,1,0
0.22,1,0
0.22500000000000001,1,0
0.23000000000000001,1,0
0.23499999999999999,1,0
0.23999999999999999,1,0
0.245,1,0
0.25,1,0
0.255,1,0
0.26000000000000001,1,0
0.26500000000000001,1,0
0.27000000000000002,1,0
0.27500000000000002,1,0
0.28000000000000003,1,0
0.28499999999999998,1,0
0.28999999999999998,1,0
0.29499999999999998,1,0
0.29999999999999999,1,0
0.30499999999999999,1,0
0.31,1,0
0.315,1,0
0.32000000000000001,1,0
0.32500000000000001,1,0
0.33000000000000002,1,0
0.33500000000000002,1,0
0.34000000000000002,1,0
0.34499999999999997,1,0
0.34999999999999998,1,0
0.35499999999999998,1,0
0.35999999999999999,1,0
0.36499999999999999,1,0
0.37,1,0
0.375,1,0
0.38,1,0
0.38500000000000001,1,0
0.39000000000000001,1,0
0.39500000000000002,1,0
0.40000000000000002,1,0
0.40500000000000003,1,0
0.40999999999999998,1,0
0.41499999999999998,1,0
0.41999999999999998,1,0
0.42499999999999999,1,0
0.42999999999999999,1,0
0.435,1,0
0.44,1,0
0.44500000000000001,1,0
0.45000000000000001,1,0
0.45500000000000002,1,0
0.46000000000000002,1,0
0.46500000000000002,1,0
0.46999999999999997,1,0
0.47499999999999998,1,0
0.47999999999999998,1,0
0.48499999999999999,1,0
0.48999999999999999,1,0
0.495,1,0
0.5,1,0
0.505,1,0
0.51000000000000001,1,0
0.51500000000000001,1,0
0.52000000000000002,1,0
0.52500000000000002,1,0
0.53000000000000003,1,0
0.53500000000000003,1,0
0.54000000000000004,1,0
0.54500000000000004,1,0
0.55000000000000004,1,0
0.55500000000000005,1,0
0.56000000000000005,1,0
0.56499999999999995,1,0
0.56999999999999995,1,0
0.57499999999999996,1,0
0.57999999999999996,1,0
0.58499999999999996,1,0
0.58999999999999997,1,0
0.59499999999999997,1,0
0.59999999999999998,1,0
0.60499999999999998,1,0
0.60999999999999999,1,0
0.61499999999999999,1,0
0.62,1,0
0.625,1,0
0.63,1,0
0.63500000000000001,1,0
0.64000000000000001,1,0
0.64500000000000002,1,0
0.65000000000000002,1,0
0.65500000000000003,1,0
0.66000000000000003,1,0
0.66500000000000004,1,0
0.67000000000000004,1,0
0.67500000000000004,1,0
0.68000000000000005,1,0
0.68500000000000005,1,0
0.68999999999999995,1,0
0.69499999999999995,1,0
0.69999999999999996,1,0
0.70499999999999996,1,0
0.70999999999999996,1,0
0.71499999999999997,1,0
0.71999999999999997,1,0
0.72499999999999998,1,0
0.72999999999999998,1,0
0.73499999999999999,1,0
0.73999999999999999,1,0
0.745,1,0
0.75,1,0
0.755,1,0
0.76000000000000001,1,0
0.76500000000000001,1,0
0.77000000000000002,1,0
0.77500000000000002,1,0
0.78000000000000003,1,0
0.78500000000000003,1,0
0.79000000000000004,1,0
0.79500000000000004,1,0
0.80000000000000004,1,0
0.80500000000000005,1,0
0.81000000000000005,1,0
0.81499999999999995,1,0
0.81999999999999995,1,0
0.82499999999999996,1,0
0.82999999999999996,1,0
0.83499999999999996,1,0
0.83999999999999997,1,0
0.84499999999999997,1,0
0.84999999999999998,1,0
0.85499999999999998,1,0
0.85999999999999999,1,0
0.86499999999999999,1,0
0.87,1,0
0.875,1,0
0.88,1,0
0.88500000000000001,1,0
0.89000000000000001,1,0
0.89500000000000002,1,0
0.90000000000000002,1,0
0.90500000000000003,1,0
0.91000000000000003,1,0
0.91500000000000004,1,0
0.92000000000000004,1,0
0.92500000000000004,1,0
0.93000000000000005,1,0
0.93500000000000005,1,0
0.93999999999999995,1,0
0.94499999999999995,1,0
0.94999999999999996,1,0
0.95499999999999996,1,0
0.95999999999999996,1,0
0.96499999999999997,1,0
0.96999999999999997,1,0
0.97499999999999998,1,0
0.97999999999999998,1,0
0.98499999999999999,1,0
0.98999999999999999,1,0
0.995,1,0
0.0050000000000000001,0.0050000000000000001,0
0.01,0.01,0
0.014999999999999999,0.014999999999999999,0
0.02,0.02,0
0.025000000000000001,0.025000000000000001,0
0.029999999999999999,0.029999999999999999,0
0.035000000000000003,0.035000000000000003,0
0.040000000000000001,0.040000000000000001,0
0.044999999999999998,0.044999999999999998,0
0.050000000000000003,0.050000000000000003,0
0.055,0.055,0
0.059999999999999998,0.059999999999999998,0
0.065000000000000002,0.065000000000000002,0
0.070000000000000007,0.070000000000000007,0
0.074999999999999997,0.074999999999999997,0
0.080000000000000002,0.080000000000000002,0
0.085000000000000006,0.085000000000000006,0
0.089999999999999997,0.089999999999999997,0
0.095000000000000001,0.095000000000000001,0
0.10000000000000001,0.10000000000000001,0
0.105,0.105,0
0.11,0.11,0
0.115,0.115,0
0.12,0.12,0
0.125,0.125,0
0.13,0.13,0
0.13500000000000001,0.13500000000000001,0
0.14000000000000001,0.14000000000000001,0
0.14499999999999999,0.14499999999999999,0
0.14999999999999999,0.14999999999999999,0
0.155,0.155,0
0.16,0.16,0
0.16500000000000001,0.16500000000000001,0
0.17000000000000001,0.17000000000000001,0
0.17499999999999999,0.17499999999999999,0
0.17999999999999999,0.17999999999999999,0
0.185,0.185,0
0.19,0.19,0
0.19500000000000001,0.19500000000000001,0
0.20000000000000001,0.20000000000000001,0
0.20499999999999999,0.20499999999999999,0
0.20999999999999999,0.20999999999999999,0
0.215,0.215,0
0.22,0.22,0
0.22500000000000001,0.22500000000000001,0
0.23000000000000001,0.23000000000000001,0
0.23499999999999999,0.23499999999999999,0
0.23999999999999999,0.23999999999999999,0
0.245,0.245,0
0.25,0.25,0
0.255,0.255,0
0.26000000000000001,0.26000000000000001,0
0.26500000000000001,0.26500000000000001,0
0.27000000000000002,0.27000000000000002,0
0.27500000000000002,0.27500000000000002,0
0.28000000000000003,0.28000000000000003,0
0.28499999999999998,0.28499999999999998,0
0.28999999999999998,0.28999999999999998,0
0.29499999999999998,0.29499999999999998,0
0.29999999999999999,0.29999999999999999,0
0.30499999999999999,0.30499999999999999,0
0.31,0.31,0
0.315,0.315,0
0.32000000000000001,0.32000000000000001,0
0.32500000000000001,0.32500000000000001,0
0.33000000000000002,0.33000000000000002,0
0.33500000000000002,0.33500000000000002,0
0.34000000000000002,0.34000000000000002,0
0.34499999999999997,0.34499999999999997,0
0.34999999999999998,0.34999999999999998,0
0.35499999999999998,0.35499999999999998,0
0.35999999999999999,0.35999999999999999,0
0.36499999999999999,0.36499999999999999,0
0.37,0.37,0
0.375,0.375,0
0.38,0.38,0
0.38500000000000001,0.38500000000000001,0
0.39000000000000001,0.39000000000000001,0
0.39500000000000002,0.39500000000000002,0
0.40000000000000002,0.40000000000000002,0
0.40500000000000003,0.40500000000000003,0
0.40999999999999998,0.40999999999999998,0
0.41499999999999998,0.41499999999999998,0
0.41999999999999998,0.41999999999999998,0
0.42499999999999999,0.42499999999999999,0
0.42999999999999999,0.42999999999999999,0
0.435,0.435,0
0.44,0.44,0
0.44500000000000001,0.44500000000000001,0
0.45000000000000001,0.45000000000000001,0
0.45500000000000002,0.45500000000000002,0
0.46000000000000002,0.46000000000000002,0
0.46500000000000002,0.46500000000000002,0
0.46999999999999997,0.46999999999999997,0
0.47499999999999998,0.47499999999999998,0
0.47999999999999998,0.47999999999999998,0
0.48499999999999999,0.48499999999999999,0
0.48999999999999999,0.48999999999999999,0
0.495,0.495,0
0.5,0.5,0
0.505,0.505,0
0.51000000000000001,0.51000000000000001,0
0.51500000000000001,0.51500000000000001,0
0.52000000000000002,0.52000000000000002,0
0.52500000000000002,0.52500000000000002,0
0.53000000000000003,0.53000000000000003,0
0.53500000000000003,0.53500000000000003,0
0.54000000000000004,0.54000000000000004,0
0.54500000000000004,0.54500000000000004,0
0.55000000000000004,0.55000000000000004,0
0.55500000000000005,0.55500000000000005,0
0.56000000000000005,0.56000000000000005,0
0.56499999999999995,0.56499999999999995,0
0.56999999999999995,0.56999999999999995,0
0.57499999999999996,0.57499999999999996,0
0.57999999999999996,0.57999999999999996,0
0.58499999999999996,0.58499999999999996,0
0.58999999999999997,0.58999999999999997,0
0.59499999999999997,0.59499999999999997,0
0.59999999999999998,0.59999999999999998,0
0.60499999999999998,0.60499999999999998,0
0.60999999999999999,0.60999999999999999,0
0.61499999999999999,0.61499999999999999,0
0.62,0.62,0
0.625,0.625,0
0.63,0.63,0
0.63500000000000001,0.63500000000000001,0
0.64000000000000001,0.64000000000000001,0
0.64500000000000002,0.64500000000000002,0
0.65000000000000002,0.65000000000000002,0
0.65500000000000003,0.65500000000000003,0
0.66000000000000003,0.66000000000000003,0
0.66500000000000004,0.66500000000000004,0
0.67000000000000004,0.67000000000000004,0
0.67500000000000004,0.67500000000000004,0
0.68000000000000005,0.68000000000000005,0
0.68500000000000005,0.68500000000000005,0
0.68999999999999995,0.68999999999999995,0
0.69499999999999995,0.69499999999999995,0
0.69999999999999996,0.69999999999999996,0
0.70499999999999996,0.70499999999999996,0
0.70999999999999996,0.70999999999999996,0
0.71499999999999997,0.71499999999999997,0
0.71999999999999997,0.71999999999999997,0
0.72499999999999998,0.72499999999999998,0
0.72999999999999998,0.72999999999999998,0
0.73499999999999999,0.73499999999999999,0
0.73999999999999999,0.73999999999999999,0
0.745,0.745,0
0.75,0.75,0
0.755,0.755,0
0.76000000000000001,0.76000000000000001,0
0.76500000000000001,0.76500000000000001,0
0.77000000000000002,0.77000000000000002,0
0.77500000000000002,0.77500000000000002,0
0.78000000000000003,0.78000000000000003,0
0.78500000000000003,0.78500000000000003,0
0.79000000000000004,0.79000000000000004,0
0.79500000000000004,0.79500000000000004,0
0.80000000000000004,0.80000000000000004,0
0.80500000000000005,0.80500000000000005,0
0.81000000000000005,0.81000000000000005,0
0.81499999999999995,0.81499999999999995,0
0.81999999999999995,0.81999999999999995,0
0.82499999999999996,0.82499999999999996,0
0.82999999999999996,0.82999999999999996,0
0.83499999999999996,0.83499999999999996,0
0.83999999999999997,0.83999999999999997,0
0.84499999999999997,0.84499999999999997,0
0.84999999999999998,0.84999999999999998,0
0.85499999999999998,0.85499999999999998,0
0.85999999999999999,0.85999999999999999,0
0.86499999999999999,0.86499999999999999,0
0.87,0.87,0
0.875,0.875,0
0.88,0.88,0
0.88500000000000001,0.88500000000000001,0
0.89000000000000001,0.89000000000000001,0
0.89500000000000002,0.89500000000000002,0
0.90000000000000002,0.90000000000000002,0
0.90500000000000003,0.90500000000000003,0
0.91000000000000003,0.91000000000000003,0
0.91500000000000004,0.91500000000000004,0
0.92000000000000004,0.92000000000000004,0
0.92500000000000004,0.92500000000000004,0
0.93000000000000005,0.93000000000000005,0
0.93500000000000005,0.93500000000000005,0
0.93999999999999995,0.93999999999999995,0
0.94499999999999995,0.94499999999999995,0
0.94999999999999996,0.94999999999999996,0
0.95499999999999996,0.95499999999999996,0
0.95999999999999996,0.95999999999999996,0
0.96499999999999997,0.96499999999999997,0
0.96999999999999997,0.96999999999999997,0
0.97499999999999998,0.97499999999999998,0
0.97999999999999998,0.97999999999999998,0
0.98499999999999999,0.98499999999999999,0
0.98999999999999999,0.98999999999999999,0
0.995,0.995,0
elems_113
400
113,2,4,0.00031415926535897931,210000000000,7800,7.8539816339744827e-09
113,4,5,0.00031415926535897931,210000000000,7800,7.8539816339744827e-09
113,5,6,0.00031415926535897931,210000000000,7800,7.8539816339744827e-09
113,6,7,0.00031415926535897931,210000000000,7800,7.8539816339744827e-09
113,7,8,0.00031415926535897931,210000000000,7800,7.8539816339744827e-09
113,8,9,0.00031415926535897931,210000000000,7800,7.8539816339744827e-09
113,9,10,0.00031415926535897931,210000000000,7800,7.8539816339744827e-09
113,10,11,0.00031415926535897931,210000000000,7800,7.8539816339744827e-09
113,11,12,0.00031415926535897931,210000000000,7800,7.8539816339744827e-09
113,12,13,0.00031415926535897931,210000000000,7800,7.8539816339744827e-09
113,13,14,0.00031415926535897931,210000000000,7800,7.8539816339744827e-09
113,14,15,0.00031415926535897931,210000000000,7800,7.8539816339744827e-09
113,15,16,0.00031415926535897931,210000000000,7800,7.8539816339744827e-09
113,16,17,0.00031415926535897931,210000000000,7800,7.8539816339744827e-09
113,17,18,0.00031415926535897931,210000000000,7800,7.8539816339744827e-09
113,18,19,0.00031415926535897931,210000000000,7800,7.8539816339744827e-09
113,19,20,0.00031415926535897931,210000000000,7800,7.8539816339744827e-09
113,20,21,0.00031415926535897931,210000000000,7800,7.8539816339744827e-09
113,21,22,0.00031415926535897931,210000000000,7800,7.8539816339744827e-09
113,22,23,0.00031415926535897931,210000000000,7800,7.8539816339744827e-09
113,23,24,0.00031415926535897931,210000000000,7800,7.8539816339744827e-09
113,24,25,0.00031415926535897931,210000000000,7800,7.8539816339744827e-09
113,25,26,0.00031415926535897931,210000000000,7800,7.8539816339744827e-09
113,26,27,0.00031415926535897931,210000000000,7800,7.8539816339744827e-09
113,27,28,0.00031415926535897931,210000000000,7800,7.8539816339744827e-09
113,28,29,0.00031415926535897931,210000000000,7800,7.8539816339744827e-09
113,29,30,0.00031415926535897931,210000000000,7800,7.8539816339744827e-09
113,30,31,0.00031415926535897931,210000000000,7800,7.8539816339744827e-09
113,31,32,0.00031415926535897931,210000000000,7800,7.8539816339744827e-09
113,32,33,0.00031415926535897931,210000000000,7800,7.8539816339744827e-09
113,33,34,0.00031415926535897931,210000000000,7800,7.8539816339744827e-09
113,34,35,0.00031415926535897931,210000000000,7800,7.8539816339744827e-09
113,35,36,0.00031415926535897931,210000000000,7800,7.8539816339744827e-09
113,36,37,0.00031415926535897931,210000000000,7800,7.8539816339744827e-09
113,37,38,0.00031415926535897931,210000000000,7800,7.8539816339744827e-09
113,38,39,0.00031415926535897931,210000000000,7800,7.8539816339744827e-09
113,39,40,0.00031415926535897931,210000000000,7800,7.8539816339744827e-09
113,40,41,0.00031415926535897931,210000000000,7800,7.8539816339744827e-09
113,41,42,0.00031415926535897931,210000000000,7800,7.8539816339744827e-09
113,42,43,0.00031415926535897931,210000000000,7800,7.8539816339744827e-09
113,43,44,0.00031415926535897931,210000000000,7800,7.8539816339744827e-09
113,44,45,0.00031415926535897931,210000000000,7800,7.8539816339744827e-09
113,45,46,0.00031415926535897931,210000000000,7800,7.8539816339744827e-09
113,46,47,0.00031415926535897931,210000000000,7800,7.8539816339744827e-09
113,47,48,0.00031415926535897931,210000000000,7800,7.8539816339744827e-09
113,48,49,0.00031415926535897931,210000000000,7800,7.8539816339744827e-09
113,49,50,0.00031415926535897931,210000000000,7800,7.8539816339744827e-09
113,50,51,0.00031415926535897931,210000000000,7800,7.8539816339744827e-09
113,51,52,0.00031415926535897931,210000000000,7800,7.8539816339744827e-09
113,52,53,0.00031415926535897931,210000000000,7800,7.8539816339744827e-09
113,53,54,0.00031415926535897931,210000000000,7800,7.8539816339744827e-09
113,54,55,0.00031415926535897931,210000000000,7800,7.8539816339744827e-09
113,55,56,0.00031415926535897931,210000000000,7800,7.8539816339744827e-09
113,56,57,0.00031415926535897931,210000000000,7800,7.8539816339744827e-09
113,57,58,0.00031415926535897931,210000000000,7800,7.8539816339744827e-09
113,58,59,0.00031415926535897931,210000000000,7800,7.8539816339744827e-09
113,59,60,0.00031415926535897931,210000000000,7800,7.8539816339744827e-09
113,60,61,0.00031415926535897931,210000000000,7800,7.8539816339744827e-09
113,61,62,0.00031415926535897931,210000000000,7800,7.8539816339744827e-09
113,62,63,0.00031415926535897931,210000000000,7800,7.8539816339744827e-09
113,63,64,0.00031415926535897931,210000000000,7800,7.8539816339744827e-09
113,64,65,0.00031415926535897931,210000000000,7800,7.8539816339744827e-09
113,65,66,0.00031415926535897931,210000000000,7800,7.8539816339744827e-09
113,66,67,0.00031415926535897931,210000000000,7800,7.8539816339744827e-09
113,67,68,0.00031415926535897931,210000000000,7800,7.8539816339744827e-09
113,68,69,0.00031415926535897931,210000000000,7800,7.8539816339744827e-09
113,69,70,0.00031415926535897931,210000000000,7800,7.8539816339744827e-09
113,70,71,0.00031415926535897931,210000000000,7800,7.8539816339744827e-09
113,71,72,0.00031415926535897931,210000000000,7800,7.8539816339744827e-09
113,72,73,0.00031415926535897931,210000000000,7800,7.8539816339744827e-09
113,73,74,0.00031415926535897931,210000000000,7800,7.8539816339744827e-09
113,74,75,0.00031415926535897931,210000000000,7800,7.8539816339744827e-09
113,75,76,0.00031415926535897931,210000000000,7800,7.8539816339744827e-09
113,76,77,0.00031415926535897931,210000000000,7800,7.8539816339744827e-09
113,77,78,0.00031415926535897931,210000000000,7800,7.8539816339744827e-09
113,78,79,0.00031415926535897931,210000000000,7800,7.8539816339744827e-09
113,79,80,0.00031415926535897931,210000000000,7800,7.8539816339744827e-09
113,80,81,0.00031415926535897931,210000000000,7800,7.8539816339744827e-09
113,81,82,0.00031415926535897931,210000000000,7800,7.8539816339744827e-09
113,82,83,0.00031415926535897931,210000000000,7800,7.8539816339744827e-09
113,83,84,0.00031415926535897931,210000000000,7800,7.8539816339744827e-09
113,84,85,0.00031415926535897931,210000000000,7800,7.8539816339744827e-09
113,85,86,0.00031415926535897931,210000000000,7800,7.8539816339744827e-09
113,86,87,0.00031415926535897931,210000000000,7800,7.8539816339744827e-09
113,87,88,0.00031415926535897931,210000000000,7800,7.8539816339744827e-09
113,88,89,0.00031415926535897931,210000000000,7800,7.8539816339744827e-09
113,89,90,0.00031415926535897931,210000000000,7800,7.8539816339744827e-09
113,90,91,0.00031415926535897931,210000000000,7800,7.8539816339744827e-09
113,91,92,0.00031415926535897931,210000000000,7800,7.8539816339744827e-09
113,92,93,0.00031415926535897931,210000000000,7800,7.8539816339744827e-09
113,93,94,0.00031415926535897931,210000000000,7800,7.8539816339744827e-09
113,94,95,0.00031415926535897931,210000000000,7800,7.8539816339744827e-09
113,95,96,0.00031415926535897931,210000000000,7800,7.8539816339744827e-09
113,96,97,0.00031415926535897931,210000000000,7800,7.8539816339744827e-09
113,97,98,0.00031415926535897931,210000000000,7800,7.8539816339744827e-09
113,98,99,0.00031415926535897931,210000000000,7800,7.8539816339744827e-09
113,99,100,0.00031415926535897931,210000000000,7800,7.8539816339744827e-09
113,100,101,0.00031415926535897931,210000000000,7800,7.8539816339744827e-09
113,101,102,0.00031415926535897931,210000000000,7800,7.8539816339744827e-09
113,102,103,0.00031415926535897931,210000000000,7800,7.8539816339744827e-09
113,103,104,0.00031415926535897931,210000000000,7800,7.8539816339744827e-09
113,104,105,0.00031415926535897931,210000000000,7800,7.8539816339744827e-09
113,105,106,0.00031415926535897931,210000000000,7800,7.8539816339744827e-09
113,106,107,0.00031415926535897931,210000000000,7800,7.8539816339744827e-09
113,107,108,0.00031415926535897931,210000000000,7800,7.8539816339744827e-09
113,108,109,0.00031415926535897931,210000000000,7800,7.8539816339744827e-09
113,109,110,0.00031415926535897931,210000000000,7800,7.8539816339744827e-09
113,110,111,0.00031415926535897931,210000000000,7800,7.8539816339744827e-09
113,111,112,0.00031415926535897931,210000000000,7800,7.8539816339744827e-09
113,112,113,0.00031415926535897931,210000000000,7800,7.8539816339744827e-09
113,113,114,0.00031415926535897931,210000000000,7800,7.8539816339744827e-09
113,114,115,0.00031415926535897931,210000000000,7800,7.8539816339744827e-09
113,115,116,0.00031415926535897931,210000000000,7800,7.8539816339744827e-09
113,116,117,0.00031415926535897931,210000000000,7800,7.8539816339744827e-09
113,117,118,0.00031415926535897931,210000000000,7800,7.8539816339744827e-09
113,118,119,0.00031415926535897931,210000000000,7800,7.8539816339744827e-09
113,119,120,0.00031415926535897931,210000000000,7800,7.8539816339744827e-09
113,120,121,0.00031415926535897931,210000000000,7800,7.8539816339744827e-09
113,121,122,0.00031415926535897931,210000000000,7800,7.8539816339744827e-09
113,122,123,0.00031415926535897931,210000000000,7800,7.8539816339744827e-09
113,123,124,0.00031415926535897931,210000000000,7800,7.8539816339744827e-09
113,124,125,0.00031415926535897931,210000000000,7800,7.8539816339744827e-09
113,125,126,0.00031415926535897931,210000000000,7800,7.8539816339744827e-09
113,126,127,0.00031415926535897931,210000000000,7800,7.8539816339744827e-09
113,127,128,0.00031415926535897931,210000000000,7800,7.8539816339744827e-09
113,128,129,0.00031415926535897931,210000000000,7800,7.8539816339744827e-09
113,129,130,0.00031415926535897931,210000000000,7800,7.8539816339744827e-09
113,130,131,0.00031415926535897931,210000000000,7800,7.8539816339744827e-09
113,131,132,0.00031415926535897931,210000000000,7800,7.8539816339744827e-09
113,132,133,0.00031415926535897931,210000000000,7800,7.8539816339744827e-09
113,133,134,0.00031415926535897931,210000000000,7800,7.8539816339744827e-09
113,134,135,0.00031415926535897931,210000000000,7800,7.8539816339744827e-09
113,135,136,0.00031415926535897931,210000000000,7800,7.8539816339744827e-09
113,136,137,0.00031415926535897931,210000000000,7800,7.8539816339744827e-09
113,137,138,0.00031415926535897931,210000000000,7800,7.8539816339744827e-09
113,138,139,0.00031415926535897931,210000000000,7800,7.8539816339744827e-09
113,139,140,0.00031415926535897931,210000000000,7800,7.8539816339744827e-09
113,140,141,0.00031415926535897931,210000000000,7800,7.8539816339744827e-09
113,141,142,0.00031415926535897931,210000000000,7800,7.8539816339744827e-09
113,142,143,0.00031415926535897931,210000000000,7800,7.8539816339744827e-09
113,143,144,0.00031415926535897931,210000000000,7800,7.8539816339744827e-09
113,144,145,0.00031415926535897931,210000000000,7800,7.8539816339744827e-09
113,145,146,0.00031415926535897931,210000000000,7800,7.8539816339744827e-09
113,146,147,0.00031415926535897931,210000000000,7800,7.8539816339744827e-09
113,147,148,0.00031415926535897931,210000000000,7800,7.8539816339744827e-09
113,148,149,0.00031415926535897931,210000000000,7800,7.8539816339744827e-09
113,149,150,0.00031415926535897931,210000000000,7800,7.8539816339744827e-09
113,150,151,0.00031415926535897931,210000000000,7800,7.8539816339744827e-09
113,151,152,0.00031415926535897931,210000000000,7800,7.8539816339744827e-09
113,152,153,0.00031415926535897931,210000000000,7800,7.8539816339744827e-09
113,153,154,0.00031415926535897931,210000000000,7800,7.8539816339744827e-09
113,154,155,0.00031415926535897931,210000000000,7800,7.8539816339744827e-09
113,155,156,0.00031415926535897931,210000000000,7800,7.8539816339744827e-09
113,156,157,0.00031415926535897931,210000000000,7800,7.8539816339744827e-09
113,157,158,0.00031415926535897931,210000000000,7800,7.8539816339744827e-09
113,158,159,0.00031415926535897931,210000000000,7800,7.8539816339744827e-09
113,159,160,0.00031415926535897931,210000000000,7800,7.8539816339744827e-09
113,160,161,0.00031415926535897931,210000000000,7800,7.8539816339744827e-09
113,161,162,0.00031415926535897931,210000000000,7800,7.8539816339744827e-09
113,162,163,0.00031415926535897931,210000000000,7800,7.8539816339744827e-09
113,163,164,0.00031415926535897931,210000000000,7800,7.8539816339744827e-09
113,164,165,0.00031415926535897931,210000000000,7800,7.8539816339744827e-09
113,165,166,0.00031415926535897931,210000000000,7800,7.8539816339744827e-09
113,166,167,0.00031415926535897931,210000000000,7800,7.8539816339744827e-09
113,167,168,0.00031415926535897931,210000000000,7800,7.8539816339744827e-09
113,168,169,0.00031415926535897931,210000000000,7800,7.8539816339744827e-09
113,169,170,0.00031415926535897931,210000000000,7800,7.8539816339744827e-09
113,170,171,0.00031415926535897931,210000000000,7800,7.8539816339744827e-09
113,171,172,0.00031415926535897931,210000000000,7800,7.8539816339744827e-09
113,172,173,0.00031415926535897931,210000000000,7800,7.8539816339744827e-09
113,173,174,0.00031415926535897931,210000000000,7800,7.8539816339744827e-09
113,174,175,0.00031415926535897931,210000000000,7800,7.8539816339744827e-09
113,175,176,0.00031415926535897931,210000000000,7800,7.8539816339744827e-09
113,176,177,0.00031415926535897931,210000000000,7800,7.8539816339744827e-09
113,177,178,0.00031415926535897931,210000000000,7800,7.8539816339744827e-09
113,178,179,0.00031415926535897931,210000000000,7800,7.8539816339744827e-09
113,179,180,0.00031415926535897931,210000000000,7800,7.8539816339744827e-09
113,180,181,0.00031415926535897931,210000000000,7800,7.8539816339744827e-09
113,181,182,0.00031415926535897931,210000000000,7800,7.8539816339744827e-09
113,182,183,0.00031415926535897931,210000000000,7800,7.8539816339744827e-09
113,183,184,0.00031415926535897931,210000000000,7800,7.8539816339744827e-09
113,184,185,0.00031415926535897931,210000000000,7800,7.8539816339744827e-09
113,185,186,0.00031415926535897931,210000000000,7800,7.8539816339744827e-09
113,186,187,0.00031415926535897931,210000000000,7800,7.8539816339744827e-09
113,187,188,0.00031415926535897931,210000000000,7800,7.8539816339744827e-09
113,188,189,0.00031415926535897931,210000000000,7800,7.8539816339744827e-09
113,189,190,0.00031415926535897931,210000000000,7800,7.8539816339744827e-09
113,190,191,0.00031415926535897931,210000000000,7800,7.8539816339744827e-09
113,191,192,0.00031415926535897931,210000000000,7800,7.8539816339744827e-09
113,192,193,0.00031415926535897931,210000000000,7800,7.8539816339744827e-09
113,193,194,0.00031415926535897931,210000000000,7800,7.8539816339744827e-09
113,194,195,0.00031415926535897931,210000000000,7800,7.8539816339744827e-09
113,195,196,0.00031415926535897931,210000000000,7800,7.8539816339744827e-09
113,196,197,0.00031415926535897931,210000000000,7800,7.8539816339744827e-09
113,197,198,0.00031415926535897931,210000000000,7800,7.8539816339744827e-09
113,198,199,0.00031415926535897931,210000000000,7800,7.8539816339744827e-09
113,199,200,0.00031415926535897931,210000000000,7800,7.8539816339744827e-09
113,200,201,0.00031415926535897931,210000000000,7800,7.8539816339744827e-09
113,201,202,0.00031415926535897931,210000000000,7800,7.8539816339744827e-09
113,202,3,0.00031415926535897931,210000000000,7800,7.8539816339744827e-09
113,1,203,0.00031415926535897931,210000000000,7800,7.8539816339744827e-09
113,203,204,0.00031415926535897931,210000000000,7800,7.8539816339744827e-09
113,204,205,0.00031415926535897931,210000000000,7800,7.8539816339744827e-09
113,205,206,0.00031415926535897931,210000000000,7800,7.8539816339744827e-09
113,206,207,0.00031415926535897931,210000000000,7800,7.8539816339744827e-09
113,207,208,0.00031415926535897931,210000000000,7800,7.8539816339744827e-09
113,208,209,0.00031415926535897931,210000000000,7800,7.8539816339744827e-09
113,209,210,0.00031415926535897931,210000000000,7800,7.8539816339744827e-09
113,210,211,0.00031415926535897931,210000000000,7800,7.8539816339744827e-09
113,211,212,0.00031415926535897931,210000000000,7800,7.8539816339744827e-09
113,212,213,0.00031415926535897931,210000000000,7800,7.8539816339744827e-09
113,213,214,0.00031415926535897931,210000000000,7800,7.8539816339744827e-09
113,214,215,0.00031415926535897931,210000000000,7800,7.8539816339744827e-09
113,215,216,0.00031415926535897931,210000000000,7800,7.8539816339744827e-09
113,216,217,0.00031415926535897931,210000000000,7800,7.8539816339744827e-09
113,217,218,0.00031415926535897931,210000000000,7800,7.8539816339744827e-09
113,218,219,0.00031415926535897931,210000000000,7800,7.8539816339744827e-09
113,219,220,0.00031415926535897931,210000000000,7800,7.8539816339744827e-09
113,220,221,0.00031415926535897931,210000000000,7800,7.8539816339744827e-09
113,221,222,0.00031415926535897931,210000000000,7800,7.8539816339744827e-09
113,222,223,0.00031415926535897931,210000000000,7800,7.8539816339744827e-09
113,223,224,0.00031415926535897931,210000000000,7800,7.8539816339744827e-09
113,224,225,0.00031415926535897931,210000000000,7800,7.8539816339744827e-09
113,225,226,0.00031415926535897931,210000000000,7800,7.8539816339744827e-09
113,226,227,0.00031415926535897931,210000000000,7800,7.8539816339744827e-09
113,227,228,0.00031415926535897931,210000000000,7800,7.8539816339744827e-09
113,228,229,0.00031415926535897931,210000000000,7800,7.8539816339744827e-09
113,229,230,0.00031415926535897931,210000000000,7800,7.8539816339744827e-09
113,230,231,0.00031415926535897931,210000000000,7800,7.8539816339744827e-09
113,231,232,0.00031415926535897931,210000000000,7800,7.8539816339744827e-09
113,232,233,0.00031415926535897931,210000000000,7800,7.8539816339744827e-09
113,233,234,0.00031415926535897931,210000000000,7800,7.8539816339744827e-09
113,234,235,0.00031415926535897931,210000000000,7800,7.8539816339744827e-09
113,235,236,0.00031415926535897931,210000000000,7800,7.8539816339744827e-09
113,236,237,0.00031415926535897931,210000000000,7800,7.8539816339744827e-09
113,237,238,0.00031415926535897931,210000000000,7800,7.8539816339744827e-09
113,238,239,0.00031415926535897931,210000000000,7800,7.8539816339744827e-09
113,239,240,0.00031415926535897931,210000000000,7800,7.8539816339744827e-09
113,240,241,0.00031415926535897931,210000000000,7800,7.8539816339744827e-09
113,241,242,0.00031415926535897931,210000000000,7800,7.8539816339744827e-09
113,242,243,0.00031415926535897931,210000000000,7800,7.8539816339744827e-09
113,243,244,0.00031415926535897931,210000000000,7800,7.8539816339744827e-09
113,244,245,0.00031415926535897931,210000000000,7800,7.8539816339744827e-09
113,245,246,0.00031415926535897931,210000000000,7800,7.8539816339744827e-09
113,246,247,0.00031415926535897931,210000000000,7800,7.8539816339744827e-09
113,247,248,0.00031415926535897931,210000000000,7800,7.8539816339744827e-09
113,248,249,0.00031415926535897931,210000000000,7800,7.8539816339744827e-09
113,249,250,0.00031415926535897931,210000000000,7800,7.8539816339744827e-09
113,250,251,0.00031415926535897931,210000000000,7800,7.8539816339744827e-09
113,251,252,0.00031415926535897931,210000000000,7800,7.8539816339744827e-09
113,252,253,0.00031415926535897931,210000000000,7800,7.8539816339744827e-09
113,253,254,0.00031415926535897931,210000000000,7800,7.8539816339744827e-09
113,254,255,0.00031415926535897931,210000000000,7800,7.8539816339744827e-09
113,255,256,0.00031415926535897931,210000000000,7800,7.8539816339744827e-09
113,256,257,0.00031415926535897931,210000000000,7800,7.8539816339744827e-09
113,257,258,0.00031415926535897931,210000000000,7800,7.8539816339744827e-09
113,258,259,0.00031415926535897931,210000000000,7800,7.8539816339744827e-09
113,259,260,0.00031415926535897931,210000000000,7800,7.8539816339744827e-09
113,260,261,0.00031415926535897931,210000000000,7800,7.8539816339744827e-09
113,261,262,0.00031415926535897931,210000000000,7800,7.8539816339744827e-09
113,262,263,0.00031415926535897931,210000000000,7800,7.8539816339744827e-09
113,263,264,0.00031415926535897931,210000000000,7800,7.8539816339744827e-09
113,264,265,0.00031415926535897931,210000000000,7800,7.8539816339744827e-09
113,265,266,0.00031415926535897931,210000000000,7800,7.8539816339744827e-09
113,266,267,0.00031415926535897931,210000000000,7800,7.8539816339744827e-09
113,267,268,0.00031415926535897931,210000000000,7800,7.8539816339744827e-09
113,268,269,0.00031415926535897931,210000000000,7800,7.8539816339744827e-09
113,269,270,0.00031415926535897931,210000000000,7800,7.8539816339744827e-09
113,270,271,0.00031415926535897931,210000000000,7800,7.8539816339744827e-09
113,271,272,0.00031415926535897931,210000000000,7800,7.8539816339744827e-09
113,272,273,0.00031415926535897931,210000000000,7800,7.8539816339744827e-09
113,273,274,0.00031415926535897931,210000000000,7800,7.8539816339744827e-09
113,274,275,0.00031415926535897931,210000000000,7800,7.8539816339744827e-09
113,275,276,0.00031415926535897931,210000000000,7800,7.8539816339744827e-09
113,276,277,0.00031415926535897931,210000000000,7800,7.8539816339744827e-09
113,277,278,0.00031415926535897931,210000000000,7800,7.8539816339744827e-09
113,278,279,0.00031415926535897931,210000000000,7800,7.8539816339744827e-09
113,279,280,0.00031415926535897931,210000000000,7800,7.8539816339744827e-09
113,280,281,0.00031415926535897931,210000000000,7800,7.8539816339744827e-09
113,281,282,0.00031415926535897931,210000000000,7800,7.8539816339744827e-09
113,282,283,0.00031415926535897931,210000000000,7800,7.8539816339744827e-09
113,283,284,0.00031415926535897931,210000000000,7800,7.8539816339744827e-09
113,284,285,0.00031415926535897931,210000000000,7800,7.8539816339744827e-09
113,285,286,0.00031415926535897931,210000000000,7800,7.8539816339744827e-09
113,286,287,0.00031415926535897931,210000000000,7800,7.8539816339744827e-09
113,287,288,0.00031415926535897931,210000000000,7800,7.8539816339744827e-09
113,288,289,0.00031415926535897931,210000000000,7800,7.8539816339744827e-09
113,289,290,0.00031415926535897931,210000000000,7800,7.8539816339744827e-09
113,290,291,0.00031415926535897931,210000000000,7800,7.8539816339744827e-09
113,291,292,0.00031415926535897931,210000000000,7800,7.8539816339744827e-09
113,292,293,0.00031415926535897931,210000000000,7800,7.8539816339744827e-09
113,293,294,0.00031415926535897931,210000000000,7800,7.8539816339744827e-09
113,294,295,0.00031415926535897931,210000000000,7800,7.8539816339744827e-09
113,295,296,0.00031415926535897931,210000000000,7800,7.8539816339744827e-09
113,296,297,0.00031415926535897931,210000000000,7800,7.8539816339744827e-09
113,297,298,0.00031415926535897931,210000000000,7800,7.8539816339744827e-09
113,298,299,0.00031415926535897931,210000000000,7800,7.8539816339744827e-09
113,299,300,0.00031415926535897931,210000000000,7800,7.8539816339744827e-09
113,300,301,0.00031415926535897931,210000000000,7800,7.8539816339744827e-09
113,301,302,0.00031415926535897931,210000000000,7800,7.8539816339744827e-09
113,302,303,0.00031415926535897931,210000000000,7800,7.8539816339744827e-09
113,303,304,0.00031415926535897931,210000000000,7800,7.8539816339744827e-09
113,304,305,0.00031415926535897931,210000000000,7800,7.8539816339744827e-09
113,305,306,0.00031415926535897931,210000000000,7800,7.8539816339744827e-09
113,306,307,0.00031415926535897931,210000000000,7800,7.8539816339744827e-09
113,307,308,0.00031415926535897931,210000000000,7800,7.8539816339744827e-09
113,308,309,0.00031415926535897931,210000000000,7800,7.8539816339744827e-09
113,309,310,0.00031415926535897931,210000000000,7800,7.8539816339744827e-09
113,310,311,0.00031415926535897931,210000000000,7800,7.8539816339744827e-09
113,311,312,0.00031415926535897931,210000000000,7800,7.8539816339744827e-09
113,312,313,0.00031415926535897931,210000000000,7800,7.8539816339744827e-09
113,313,314,0.00031415926535897931,210000000000,7800,7.8539816339744827e-09
113,314,315,0.00031415926535897931,210000000000,7800,7.8539816339744827e-09
113,315,316,0.00031415926535897931,210000000000,7800,7.8539816339744827e-09
113,316,317,0.00031415926535897931,210000000000,7800,7.8539816339744827e-09
113,317,318,0.00031415926535897931,210000000000,7800,7.8539816339744827e-09
113,318,319,0.00031415926535897931,210000000000,7800,7.8539816339744827e-09
113,319,320,0.00031415926535897931,210000000000,7800,7.8539816339744827e-09
113,320,321,0.00031415926535897931,210000000000,7800,7.8539816339744827e-09
113,321,322,0.00031415926535897931,210000000000,7800,7.8539816339744827e-09
113,322,323,0.00031415926535897931,210000000000,7800,7.8539816339744827e-09
113,323,324,0.00031415926535897931,210000000000,7800,7.8539816339744827e-09
113,324,325,0.00031415926535897931,210000000000,7800,7.8539816339744827e-09
113,325,326,0.00031415926535897931,210000000000,7800,7.8539816339744827e-09
113,326,327,0.00031415926535897931,210000000000,7800,7.8539816339744827e-09
113,327,328,0.00031415926535897931,210000000000,7800,7.8539816339744827e-09
113,328,329,0.00031415926535897931,210000000000,7800,7.8539816339744827e-09
113,329,330,0.00031415926535897931,210000000000,7800,7.8539816339744827e-09
113,330,331,0.00031415926535897931,210000000000,7800,7.8539816339744827e-09
113,331,332,0.00031415926535897931,210000000000,7800,7.8539816339744827e-09
113,332,333,0.00031415926535897931,210000000000,7800,7.8539816339744827e-09
113,333,334,0.00031415926535897931,210000000000,7800,7.8539816339744827e-09
113,334,335,0.00031415926535897931,210000000000,7800,7.8539816339744827e-09
113,335,336,0.00031415926535897931,210000000000,7800,7.8539816339744827e-09
113,336,337,0.00031415926535897931,210000000000,7800,7.8539816339744827e-09
113,337,338,0.00031415926535897931,210000000000,7800,7.8539816339744827e-09
113,338,339,0.00031415926535897931,210000000000,7800,7.8539816339744827e-09
113,339,340,0.00031415926535897931,210000000000,7800,7.8539816339744827e-09
113,340,341,0.00031415926535897931,210000000000,7800,7.8539816339744827e-09
113,341,342,0.00031415926535897931,210000000000,7800,7.8539816339744827e-09
113,342,343,0.00031415926535897931,210000000000,7800,7.8539816339744827e-09
113,343,344,0.00031415926535897931,210000000000,7800,7.8539816339744827e-09
113,344,345,0.00031415926535897931,210000000000,7800,7.8539816339744827e-09
113,345,346,0.00031415926535897931,210000000000,7800,7.8539816339744827e-09
113,346,347,0.00031415926535897931,210000000000,7800,7.8539816339744827e-09
113,347,348,0.00031415926535897931,210000000000,7800,7.8539816339744827e-09
113,348,349,0.00031415926535897931,210000000000,7800,7.8539816339744827e-09
113,349,350,0.00031415926535897931,210000000000,7800,7.8539816339744827e-09
113,350,351,0.00031415926535897931,210000000000,7800,7.8539816339744827e-09
113,351,352,0.00031415926535897931,210000000000,7800,7.8539816339744827e-09
113,352,353,0.00031415926535897931,210000000000,7800,7.8539816339744827e-09
113,353,354,0.00031415926535897931,210000000000,7800,7.8539816339744827e-09
113,354,355,0.00031415926535897931,210000000000,7800,7.8539816339744827e-09
113,355,356,0.00031415926535897931,210000000000,7800,7.8539816339744827e-09
113,356,357,0.00031415926535897931,210000000000,7800,7.8539816339744827e-09
113,357,358,0.00031415926535897931,210000000000,7800,7.8539816339744827e-09
113,358,359,0.00031415926535897931,210000000000,7800,7.8539816339744827e-09
113,359,360,0.00031415926535897931,210000000000,7800,7.8539816339744827e-09
113,360,361,0.00031415926535897931,210000000000,7800,7.8539816339744827e-09
113,361,362,0.00031415926535897931,210000000000,7800,7.8539816339744827e-09
113,362,363,0.00031415926535897931,210000000000,7800,7.8539816339744827e-09
113,363,364,0.00031415926535897931,210000000000,7800,7.8539816339744827e-09
113,364,365,0.00031415926535897931,210000000000,7800,7.8539816339744827e-09
113,365,366,0.00031415926535897931,210000000000,7800,7.8539816339744827e-09
113,366,367,0.00031415926535897931,210000000000,7800,7.8539816339744827e-09
113,367,368,0.00031415926535897931,210000000000,7800,7.8539816339744827e-09
113,368,369,0.00031415926535897931,210000000000,7800,7.8539816339744827e-09
113,369,370,0.00031415926535897931,210000000000,7800,7.8539816339744827e-09
113,370,371,0.00031415926535897931,210000000000,7800,7.8539816339744827e-09
113,371,372,0.00031415926535897931,210000000000,7800,7.8539816339744827e-09
113,372,373,0.00031415926535897931,210000000000,7800,7.8539816339744827e-09
113,373,374,0.00031415926535897931,210000000000,7800,7.8539816339744827e-09
113,374,375,0.00031415926535897931,210000000000,7800,7.8539816339744827e-09
113,375,376,0.00031415926535897931,210000000000,7800,7.8539816339744827e-09
113,376,377,0.00031415926535897931,210000000000,7800,7.8539816339744827e-09
113,377,378,0.00031415926535897931,210000000000,7800,7.8539816339744827e-09
113,378,379,0.00031415926535897931,210000000000,7800,7.8539816339744827e-09
113,379,380,0.00031415926535897931,210000000000,7800,7.8539816339744827e-09
113,380,381,0.00031415926535897931,210000000000,7800,7.8539816339744827e-09
113,381,382,0.00031415926535897931,210000000000,7800,7.8539816339744827e-09
113,382,383,0.00031415926535897931,210000000000,7800,7.8539816339744827e-09
113,383,384,0.00031415926535897931,210000000000,7800,7.8539816339744827e-09
113,384,385,0.00031415926535897931,210000000000,7800,7.8539816339744827e-09
113,385,386,0.00031415926535897931,210000000000,7800,7.8539816339744827e-09
113,386,387,0.00031415926535897931,210000000000,7800,7.8539816339744827e-09
113,387,388,0.00031415926535897931,210000000000,7800,7.8539816339744827e-09
113,388,389,0.00031415926535897931,210000000000,7800,7.8539816339744827e-09
113,389,390,0.00031415926535897931,210000000000,7800,7.8539816339744827e-09
113,390,391,0.00031415926535897931,210000000000,7800,7.8539816339744827e-09
113,391,392,0.00031415926535897931,210000000000,7800,7.8539816339744827e-09
113,392,393,0.00031415926535897931,210000000000,7800,7.8539816339744827e-09
113,393,394,0.00031415926535897931,210000000000,7800,7.8539816339744827e-09
113,394,395,0.00031415926535897931,210000000000,7800,7.8539816339744827e-09
113,395,396,0.00031415926535897931,210000000000,7800,7.8539816339744827e-09
113,396,397,0.00031415926535897931,210000000000,7800,7.8539816339744827e-09
113,397,398,0.00031415926535897931,210000000000,7800,7.8539816339744827e-09
113,398,399,0.00031415926535897931,210000000000,7800,7.8539816339744827e-09
113,399,400,0.00031415926535897931,210000000000,7800,7.8539816339744827e-09
113,400,401,0.00031415926535897931,210000000000,7800,7.8539816339744827e-09
113,401,3,0.00031415926535897931,210000000000,7800,7.8539816339744827e-09
releases
4
1,1,Mz
200,2,Mz
201,1,Mz
400,2,Mz
bcfix
2
4,1,0,0,0
4,2,0,0,0
