# NAFEMS Challenge 5; SI: m, kg, s, N, Pa; frame element 113
# frame; elements per member: 8; no rotary rho*I mass term
analysis
modal
nodes
17
0,0,0
0,1,0
1,1,0
0.125,1,0
0.25,1,0
0.375,1,0
0.5,1,0
0.625,1,0
0.75,1,0
0.875,1,0
0.125,0.125,0
0.25,0.25,0
0.375,0.375,0
0.5,0.5,0
0.625,0.625,0
0.75,0.75,0
0.875,0.875,0
elems_113
16
113,2,4,0.00031415926535897931,210000000000,7800,7.8539816339744827e-09
113,4,5,0.00031415926535897931,210000000000,7800,7.8539816339744827e-09
113,5,6,0.00031415926535897931,210000000000,7800,7.8539816339744827e-09
113,6,7,0.00031415926535897931,210000000000,7800,7.8539816339744827e-09
113,7,8,0.00031415926535897931,210000000000,7800,7.8539816339744827e-09
113,8,9,0.00031415926535897931,210000000000,7800,7.8539816339744827e-09
113,9,10,0.00031415926535897931,210000000000,7800,7.8539816339744827e-09
113,10,3,0.00031415926535897931,210000000000,7800,7.8539816339744827e-09
113,1,11,0.00031415926535897931,210000000000,7800,7.8539816339744827e-09
113,11,12,0.00031415926535897931,210000000000,7800,7.8539816339744827e-09
113,12,13,0.00031415926535897931,210000000000,7800,7.8539816339744827e-09
113,13,14,0.00031415926535897931,210000000000,7800,7.8539816339744827e-09
113,14,15,0.00031415926535897931,210000000000,7800,7.8539816339744827e-09
113,15,16,0.00031415926535897931,210000000000,7800,7.8539816339744827e-09
113,16,17,0.00031415926535897931,210000000000,7800,7.8539816339744827e-09
113,17,3,0.00031415926535897931,210000000000,7800,7.8539816339744827e-09
releases
4
1,1,Mz
8,2,Mz
9,1,Mz
16,2,Mz
bcfix
2
4,1,0,0,0
4,2,0,0,0
